20 20 0 14
0 0 0 0 0 0 0 0 0 0 0 0 0 0 0 6 6 6 6 6 
6 0 14 14 14 14 14 14 14 14 14 0 0 0 0 0 0 0 0 0 
0 0 0 0 0 3 3 3 3 3 3 3 3 3 3 3 3 3 3 3 
3 3 3 0 0 3 3 3 3 3 3 7 7 7 7 7 7 7 7 7 
7 7 7 7 7 7 7 7 7 7 0 0 0 0 0 0 0 0 0 0 
0 0 1 1 1 1 1 1 1 1 0 0 0 8 8 8 8 9 9 9 
9 9 9 9 9 0 0 0 9 9 9 9 9 0 0 0 0 8 8 8 
8 8 8 9 9 0 0 0 9 9 9 9 9 0 0 0 0 0 0 0 
0 0 0 0 0 0 0 2 2 2 2 2 3 3 4 4 4 4 4 4 
0 0 0 0 0 0 0 0 0 0 0 0 0 0 0 0 0 0 0 0 
0 0 0 0 0 0 0 0 0 0 0 0 0 0 0 0 0 0 0 0 
0 0 0 0 0 0 0 0 0 0 0 0 0 0 0 0 0 0 0 0 
0 0 0 0 0 0 1 1 1 1 1 9 9 9 9 9 1 1 1 1 
1 1 1 1 1 1 1 1 1 1 6 6 6 6 6 6 6 6 6 6 
6 6 6 6 6 6 6 6 6 6 0 0 0 0 0 0 0 0 0 0 
0 0 0 0 0 0 0 0 0 0 0 0 0 0 0 0 0 0 0 0 
0 0 0 0 0 0 0 0 0 0 0 0 0 0 0 0 0 0 0 0 
0 0 0 0 0 0 0 0 0 0 0 0 0 0 0 0 0 0 0 0 
0 0 0 0 0 0 0 0 0 0 0 0 0 0 0 0 0 0 0 0 
0 0 0 0 0 0 0 0 0 0 0 0 0 0 0 0 0 0 0 0 
