20 20 0 14
1
0 0 0 15
0 15 6 5
1 0 6 1
1 1 0 1
1 2 14 9
1 11 0 9
2 0 0 5
2 5 3 15
3 0 3 3
3 3 0 2
3 5 3 6
3 11 7 9
4 0 7 10
4 10 0 10
5 0 0 2
5 2 1 8
5 10 0 3
5 13 8 4
5 17 9 3
6 0 9 5
6 5 0 3
6 8 9 5
6 13 0 4
6 17 8 3
7 0 8 3
7 3 9 2
7 5 0 3
7 8 9 5
7 13 0 7
8 0 0 7
8 7 2 5
8 12 3 2
8 14 4 6
9 0 4 1
9 1 0 19
10 0 0 20
11 0 0 20
12 0 0 6
12 6 1 5
12 11 9 5
12 16 1 4
13 0 1 10
13 10 6 10
14 0 6 10
14 10 0 10
15 0 0 20
16 0 0 20
17 0 0 20
18 0 0 20
19 0 0 20
